X Unit:	MicroMeter
Y Unit:	MicroMeter

X	Y
0.0000	-1.047415651	
0.1172	-1.108262905	
0.2344	-1.157377928	
0.3516	-1.160890165	
0.4688	-1.166923089	
0.5859	-1.171833167	
0.7031	-1.172885278	
0.8203	-1.173476933	
0.9375	-1.171647705	
1.0547	-1.169062969	
1.1719	-1.170008590	
1.2891	-1.169343681	
1.4062	-1.167917546	
1.5234	-1.168145061	
1.6406	-1.165239692	
1.7578	-1.163614142	
1.8750	-1.166174945	
1.9922	-1.166227463	
2.1094	-1.165713326	
2.2266	-1.165707124	
2.3438	-1.163693792	
2.4609	-1.162654956	
2.5781	-1.162467072	
2.6953	-1.158361339	
2.8125	-1.154732437	
2.9297	-1.149477598	
3.0469	-1.144613353	
3.1641	-1.111587839	
3.2812	-1.033238798	
3.3984	-0.963432612	
3.5156	-0.896743419	
3.6328	-0.845117690	
3.7500	-0.799277845	
3.8672	-0.752773139	
3.9844	-0.706386841	
4.1016	-0.656534769	
4.2187	-0.609832635	
4.3359	-0.592577111	
4.4531	-0.546174680	
4.5703	-0.498759915	
4.6875	-0.457393286	
4.8047	-0.440330492	
4.9219	-0.435766047	
5.0391	-0.415769347	
5.1562	-0.417413791	
5.2734	-0.417662720	
5.3906	-0.419821399	
5.5078	-0.417396059	
5.6250	-0.417177991	
5.7422	-0.420274200	
5.8594	-0.425853305	
5.9766	-0.426158871	
6.0937	-0.441818495	
6.2109	-0.448627761	
6.3281	-0.463706583	
6.4453	-0.470333245	
6.5625	-0.472712316	
6.6797	-0.483279163	
6.7969	-0.506803652	
6.9141	-0.537866656	
7.0312	-0.589886224	
7.1484	-0.648265116	
7.2656	-0.697092983	
7.3828	-0.783506110	
7.5000	-0.885091129	
7.6172	-0.942827591	
7.7344	-0.998337352	
7.8516	-1.057883469	
7.9687	-1.124765681	
8.0859	-1.165116632	
8.2031	-1.169517321	
8.3203	-1.172626562	
8.4375	-1.172959889	
8.5547	-1.171495189	
8.6719	-1.172669100	
8.7891	-1.173259689	
8.9062	-1.173920141	
9.0234	-1.175400732	
9.1406	-1.176022426	
9.2578	-1.174986399	
9.3750	-1.171318642	
9.4922	-1.170405482	
9.6094	-1.170306065	
9.7266	-1.168754933	
9.8438	-1.166398971	
9.9609	-1.166288315	
10.0781	-1.166638889	
10.1953	-1.164875842	
10.3125	-1.162315718	
10.4297	-1.163801832	
10.5469	-1.162259712	
10.6641	-1.159712475	
10.7812	-1.159534378	
10.8984	-1.156167971	
11.0156	-1.108829270	
11.1328	-1.031448814	
11.2500	-0.958768557	
11.3672	-0.894062658	
11.4844	-0.841089281	
11.6016	-0.793913948	
11.7187	-0.746633967	
11.8359	-0.699036501	
11.9531	-0.653598441	
12.0703	-0.624452260	
12.1875	-0.587423434	
12.3047	-0.541966527	
12.4219	-0.496318587	
12.5391	-0.469879184	
12.6562	-0.449836797	
12.7734	-0.448694862	
12.8906	-0.450444489	
13.0078	-0.445882127	
13.1250	-0.439580119	
13.2422	-0.440170030	
13.3594	-0.436968445	
13.4766	-0.434172570	
13.5937	-0.433987302	
13.7109	-0.433626021	
13.8281	-0.434694992	
13.9453	-0.437697888	
14.0625	-0.442005362	
14.1797	-0.459734083	
14.2969	-0.498334051	
14.4141	-0.520154552	
14.5312	-0.552577559	
14.6484	-0.597657486	
14.7656	-0.643600624	
14.8828	-0.675151263	
15.0000	-0.735168688	
15.1172	-0.781625285	
15.2344	-0.829006572	
15.3516	-0.876413586	
15.4688	-0.926346519	
15.5859	-0.981246022	
15.7031	-1.040847951	
15.8203	-1.105537668	
15.9375	-1.161577845	
16.0547	-1.164557147	
16.1719	-1.163535268	
16.2891	-1.164105024	
16.4062	-1.166722221	
16.5234	-1.170304612	
16.6406	-1.172361548	
16.7578	-1.170230485	
16.8750	-1.171214768	
16.9922	-1.173943397	
17.1094	-1.175347633	
17.2266	-1.175852855	
17.3438	-1.173616271	
17.4609	-1.171572416	
17.5781	-1.174851518	
17.6953	-1.176118160	
17.8125	-1.175271084	
17.9297	-1.175635418	
18.0469	-1.175215755	
18.1641	-1.174238449	
18.2812	-1.171399261	
18.3984	-1.167531313	
18.5156	-1.161996538	
18.6328	-1.153470543	
18.7500	-1.148637886	
18.8672	-1.124115113	
18.9844	-1.046690472	
19.1016	-0.973848686	
19.2188	-0.913496966	
19.3359	-0.864735327	
19.4531	-0.818309980	
19.5703	-0.767081336	
19.6875	-0.711425211	
19.8047	-0.641315155	
19.9219	-0.610045470	
20.0391	-0.572244711	
20.1562	-0.539674954	
20.2734	-0.498931908	
20.3906	-0.445435818	
20.5078	-0.442416449	
20.6250	-0.429452556	
20.7422	-0.429658705	
20.8594	-0.428412364	
20.9766	-0.422836746	
21.0938	-0.412398386	
21.2109	-0.418863617	
21.3281	-0.427090345	
21.4453	-0.437526913	
21.5625	-0.461655412	
21.6797	-0.470269050	
21.7969	-0.467383206	
21.9141	-0.474195281	
22.0312	-0.485498693	
22.1484	-0.492844382	
22.2656	-0.514463724	
22.3828	-0.557309927	
22.5000	-0.603948448	
22.6172	-0.653069333	
22.7344	-0.702523594	
22.8516	-0.746210816	
22.9688	-0.788062658	
23.0859	-0.834901999	
23.2031	-0.881927044	
23.3203	-0.930488202	
23.4375	-0.983472819	
23.5547	-1.040721112	
23.6719	-1.106512939	
23.7891	-1.164155411	
23.9062	-1.167926267	
24.0234	-1.167003611	
24.1406	-1.169587184	
24.2578	-1.174285541	
24.3750	-1.175946749	
24.4922	-1.173825376	
24.6094	-1.169518677	
24.7266	-1.170185137	
24.8438	-1.174136513	
24.9609	-1.175149574	
25.0781	-1.173597086	
25.1953	-1.173046031	
25.3125	-1.175127869	
25.4297	-1.175580961	
25.5469	-1.175167791	
25.6641	-1.175443561	
25.7812	-1.176719020	
25.8984	-1.175059751	
26.0156	-1.169953165	
26.1328	-1.165685419	
26.2500	-1.161657592	
26.3672	-1.157271341	
26.4844	-1.153214056	
26.6016	-1.149318978	
26.7188	-1.102427361	
26.8359	-1.025987003	
26.9531	-0.955542263	
27.0703	-0.897053684	
27.1875	-0.849859942	
27.3047	-0.804977975	
27.4219	-0.757249650	
27.5391	-0.710196263	
27.6562	-0.662441630	
27.7734	-0.633155093	
27.8906	-0.589361913	
28.0078	-0.539139402	
28.1250	-0.493598049	
28.2422	-0.481092481	
28.3594	-0.478540109	
28.4766	-0.479727634	
28.5938	-0.483370876	
28.7109	-0.475175931	
28.8281	-0.457057149	
28.9453	-0.441509490	
29.0625	-0.436204652	
29.1797	-0.432426190	
29.2969	-0.432125130	
29.4141	-0.433238286	
29.5312	-0.437549296	
29.6484	-0.446325190	
29.7656	-0.446931670	
29.8828	-0.458351988	
