x(um)
y(nm)

X	Y
0.0000	-223.459221796	
0.1172	-223.638142697	
0.2344	-219.349564207	
0.3516	-222.190157595	
0.4688	-218.984358208	
0.5859	-219.010956522	
0.7031	-220.203762533	
0.8203	-216.135189408	
0.9375	-218.634534658	
1.0547	-217.916864657	
1.1719	-220.972909235	
1.2891	-222.453112697	
1.4062	-219.853745188	
1.5234	-223.787413019	
1.6406	-227.146092152	
1.7578	-227.403596781	
1.8750	-228.321626215	
1.9922	-223.291080721	
2.1094	-224.056569550	
2.2266	-222.553764788	
2.3438	-220.565334883	
2.4609	-221.336153064	
2.5781	-218.893710765	
2.6953	-217.655847501	
2.8125	-217.399578314	
2.9297	-217.328940167	
3.0469	-218.779081235	
3.1641	-216.284314384	
3.2812	-216.072303047	
3.3984	-214.652393943	
3.5156	-209.548860542	
3.6328	-201.106681529	
3.7500	-137.329156136	
3.8672	-75.239485162	
3.9844	-16.238537388	
4.1016	36.313070108	
4.2187	84.752524908	
4.3359	158.033303418	
4.4531	225.628437876	
4.5703	274.851016818	
4.6875	311.656688677	
4.8047	356.298785952	
4.9219	393.457503196	
5.0391	427.071643798	
5.1562	459.245236167	
5.2734	464.422847569	
5.3906	468.865880387	
5.5078	469.086321790	
5.6250	473.874018376	
5.7422	471.789563226	
5.8594	472.875491493	
5.9766	472.723944084	
6.0937	473.639429964	
6.2109	472.656115960	
6.3281	472.912990756	
6.4453	471.245969261	
6.5625	468.634295792	
6.6797	451.833850845	
6.7969	415.552393489	
6.9141	364.886553188	
7.0312	292.305664022	
7.1484	253.060020746	
7.2656	226.413790656	
7.3828	162.449883268	
7.5000	90.598945838	
7.6172	32.476832532	
7.7344	-27.227335431	
7.8516	-94.676288170	
7.9687	-167.223045255	
8.0859	-217.276567166	
8.2031	-221.740214889	
8.3203	-221.051953224	
8.4375	-221.393346707	
8.5547	-219.655129906	
8.6719	-219.438104134	
8.7891	-219.621724555	
8.9062	-213.654181976	
9.0234	-216.699374054	
9.1406	-216.791426508	
9.2578	-220.087098159	
9.3750	-222.768755717	
9.4922	-221.517326828	
9.6094	-223.661688746	
9.7266	-223.207603680	
9.8438	-222.230539553	
9.9609	-223.904731449	
10.0781	-223.147769585	
10.1953	-224.633496194	
10.3125	-221.459842493	
10.4297	-218.365644595	
10.5469	-222.381166437	
10.6641	-222.047427842	
10.7812	-221.734037685	
10.8984	-222.877571408	
11.0156	-218.139631596	
11.1328	-214.971525267	
11.2500	-219.327423170	
11.3672	-219.173719796	
11.4844	-219.379771947	
11.6016	-215.742149653	
11.7187	-217.041276248	
11.8359	-217.651123757	
11.9531	-217.277390793	
12.0703	-219.470637409	
12.1875	-215.661216167	
12.3047	-210.426992506	
12.4219	-176.054194336	
12.5391	-110.302349709	
12.6562	-47.012157276	
12.7734	5.294736037	
12.8906	59.241931410	
13.0078	109.393852548	
13.1250	179.781252856	
13.2422	244.468959001	
13.3594	287.366662271	
13.4766	327.769744035	
13.5937	381.028193256	
13.7109	405.405911737	
13.8281	439.733604204	
13.9453	469.363448126	
14.0625	473.997174870	
14.1797	475.914579040	
14.2969	474.387477275	
14.4141	479.062191586	
14.5312	477.838959817	
14.6484	481.275617069	
14.7656	480.822428303	
14.8828	479.657238029	
15.0000	481.652160055	
15.1172	480.990448256	
15.2344	483.832931141	
15.3516	477.793514974	
15.4688	451.156829270	
15.5859	404.273085167	
15.7031	337.575268342	
15.8203	278.639508239	
15.9375	252.977415781	
16.0547	195.991714245	
16.1719	130.218346301	
16.2891	80.065553087	
16.4062	26.197692395	
16.5234	-35.853146978	
16.6406	-103.199982053	
16.7578	-174.541312253	
16.8750	-213.422476259	
16.9922	-220.596220903	
17.1094	-220.461291385	
17.2266	-220.994032851	
17.3438	-216.823717540	
17.4609	-216.847408935	
17.5781	-218.390765225	
17.6953	-215.654045765	
17.8125	-215.621560939	
17.9297	-216.171598576	
18.0469	-216.707852570	
18.1641	-218.845213656	
18.2812	-215.744329843	
18.3984	-215.496030460	
18.5156	-217.266950107	
18.6328	-220.531178577	
18.7500	-226.098365655	
18.8672	-224.693184943	
18.9844	-222.270533922	
19.1016	-222.383855337	
19.2188	-221.937691627	
19.3359	-224.429551559	
19.4531	-224.906819309	
19.5703	-221.942851409	
19.6875	-221.621297653	
19.8047	-221.441722694	
19.9219	-220.941199587	
20.0391	-221.746561663	
20.1562	-217.678327679	
20.2734	-217.982754835	
20.3906	-217.707033510	
20.5078	-214.606270819	
20.6250	-214.547139229	
20.7422	-215.078088094	
20.8594	-213.833466242	
20.9766	-214.523641629	
21.0938	-209.633282332	
21.2109	-176.834363108	
21.3281	-110.830767132	
21.4453	-46.659196675	
21.5625	6.369884477	
21.6797	58.032701304	
21.7969	123.491831238	
21.9141	198.924699227	
22.0312	258.637285144	
22.1484	298.335632700	
22.2656	339.407887357	
22.3828	381.293982605	
22.5000	416.234066135	
22.6172	449.875071520	
22.7344	470.469724829	
22.8516	473.331296486	
22.9688	474.820898988	
23.0859	479.041843149	
23.2031	475.601406902	
23.3203	476.638789610	
23.4375	479.024595426	
23.5547	476.983356481	
23.6719	476.417766823	
23.7891	473.124033119	
23.9062	472.965315308	
24.0234	472.773652409	
24.1406	457.755924357	
24.2578	430.065189605	
24.3750	384.471875563	
24.4922	316.202045065	
24.6094	267.358819131	
24.7266	242.695253556	
24.8438	184.401147507	
24.9609	111.454470958	
25.0781	51.878704056	
25.1953	-1.292852493	
25.3125	-64.066400528	
25.4297	-133.062355319	
25.5469	-195.440404830	
25.6641	-221.537384573	
25.7812	-222.082117083	
25.8984	-221.107354267	
26.0156	-221.321085531	
26.1328	-223.586908239	
26.2500	-221.078769557	
26.3672	-220.796822580	
26.4844	-221.933040556	
26.6016	-222.104524588	
26.7188	-225.789893036	
26.8359	-224.479041865	
26.9531	-224.255475524	
27.0703	-223.847004871	
27.1875	-223.167560862	
27.3047	-226.440340521	
27.4219	-226.799902252	
27.5391	-225.558938274	
27.6562	-228.079625158	
27.7734	-224.905801888	
27.8906	-222.291415294	
28.0078	-222.477215905	
28.1250	-222.011188244	
28.2422	-223.903762476	
28.3594	-223.899789686	
28.4766	-221.809011986	
28.5938	-223.371868862	
28.7109	-220.093372261	
28.8281	-221.124287074	
28.9453	-222.072475799	
29.0625	-220.359549199	
29.1797	-222.287369831	
29.2969	-218.855557445	
29.4141	-219.348352991	
29.5312	-218.886007428	
29.6484	-219.673927986	
29.7656	-220.044632909	
29.8828	-206.069156656	
