x(um)
y(nm)

X	Y
0.0000	-441.851149789	
0.0781	-440.918028596	
0.1562	-442.834076204	
0.2344	-440.626658355	
0.3125	-441.429113511	
0.3906	-439.605118358	
0.4688	-435.659701727	
0.5469	-434.681717075	
0.6250	-433.684207613	
0.7031	-432.598037104	
0.7812	-430.558590759	
0.8594	-425.548708619	
0.9375	-421.547139991	
1.0156	-418.682273825	
1.0938	-405.547551394	
1.1719	-377.066861240	
1.2500	-340.880799295	
1.3281	-308.319641870	
1.4062	-268.570350549	
1.4844	-225.181910801	
1.5625	-184.745447910	
1.6406	-145.597913171	
1.7188	-108.381081759	
1.7969	-70.196948625	
1.8750	-34.416547310	
1.9531	-20.242431551	
2.0312	-28.362766116	
2.1094	-60.258238951	
2.1875	-92.994368712	
2.2656	-133.367702999	
2.3438	-175.734384731	
2.4219	-217.014023877	
2.5000	-253.440124708	
2.5781	-289.938196024	
2.6562	-323.499794055	
2.7344	-353.826014792	
2.8125	-380.878656467	
2.8906	-404.563801352	
2.9688	-415.233213716	
3.0469	-419.189967333	
3.1250	-424.553379347	
3.2031	-427.587767374	
3.2812	-431.251019009	
3.3594	-433.916228246	
3.4375	-435.140041399	
3.5156	-438.163673824	
3.5938	-435.965218977	
3.6719	-432.307345144	
3.7500	-430.017564573	
3.8281	-433.449086266	
3.9063	-433.612116007	
3.9844	-435.171629926	
4.0625	-434.227123298	
4.1406	-433.019395100	
4.2187	-433.869136149	
4.2969	-432.451915945	
4.3750	-431.853478096	
4.4531	-432.424542452	
4.5312	-428.961093092	
4.6094	-429.260408913	
4.6875	-429.458612382	
4.7656	-433.338720219	
4.8437	-434.916693076	
4.9219	-435.561641639	
5.0000	-435.139896053	
5.0781	-435.566002018	
5.1562	-436.029607246	
5.2344	-432.547117562	
5.3125	-435.724041547	
5.3906	-436.472524896	
5.4687	-436.024956175	
5.5469	-432.414416682	
5.6250	-428.833333975	
5.7031	-429.303479772	
5.7812	-431.966363474	
5.8594	-432.304438224	
5.9375	-429.695187189	
6.0156	-430.302588040	
6.0937	-430.215768041	
6.1719	-427.167426799	
6.2500	-426.785263769	
6.3281	-428.362219205	
6.4062	-428.604220262	
6.4844	-429.944746236	
6.5625	-429.724304833	
6.6406	-433.932555445	
6.7187	-438.818069875	
6.7969	-439.141900719	
6.8750	-439.923232260	
6.9531	-443.085573198	
7.0312	-444.155561855	
7.1094	-442.265724973	
7.1875	-441.751006409	
7.2656	-442.303950966	
7.3437	-444.459238056	
7.4219	-442.330403934	
7.5000	-439.559721963	
7.5781	-437.443193800	
7.6562	-433.709061776	
7.7344	-425.186264193	
7.8125	-420.152060825	
7.8906	-416.244143457	
7.9687	-398.113346754	
8.0469	-367.815638053	
8.1250	-331.535876399	
8.2031	-293.983198876	
8.2812	-258.370551047	
8.3594	-224.052451414	
8.4375	-187.703480849	
8.5156	-148.944577037	
8.5938	-110.500637963	
8.6719	-70.273352162	
8.7500	-30.903268502	
8.8281	-25.692372871	
8.9062	-39.284450652	
8.9844	-71.812735662	
9.0625	-105.492717993	
9.1406	-144.357748595	
9.2188	-184.083784560	
9.2969	-212.421962980	
9.3750	-246.924385540	
9.4531	-283.878092280	
9.5312	-318.848868036	
9.6094	-350.311524768	
9.6875	-377.703282839	
9.7656	-401.678659422	
9.8438	-420.323375287	
9.9219	-426.429456810	
10.0000	-430.519734934	
10.0781	-433.404368153	
10.1562	-435.877430005	
10.2344	-437.934124073	
10.3125	-437.996429050	
10.3906	-434.228722104	
10.4688	-431.465210535	
10.5469	-432.459813077	
10.6250	-431.985161554	
10.7031	-430.355203284	
10.7812	-428.706640729	
10.8594	-430.676999284	
10.9375	-429.770185714	
11.0156	-426.471558695	
11.0937	-422.954331322	
11.1719	-421.704646584	
11.2500	-419.347764619	
11.3281	-420.443915553	
11.4062	-421.752610758	
11.4844	-424.148154754	
11.5625	-426.390358741	
11.6406	-425.644491619	
11.7187	-425.585674946	
11.7969	-428.023175482	
11.8750	-432.056914020	
11.9531	-430.962846379	
12.0312	-430.317267984	
12.1094	-432.605643544	
12.1875	-430.703646047	
12.2656	-428.287026884	
12.3437	-428.697096343	
12.4219	-428.830087915	
12.5000	-425.900736582	
12.5781	-427.094705361	
12.6562	-429.937236694	
12.7344	-428.471713176	
12.8125	-424.887965793	
12.8906	-424.743152748	
12.9687	-422.306718083	
13.0469	-421.282077372	
13.1250	-421.356155373	
13.2031	-423.932364422	
13.2812	-422.786553612	
13.3594	-425.181467775	
13.4375	-427.302404766	
13.5156	-428.039454232	
13.5937	-428.900580715	
13.6719	-431.271222100	
13.7500	-432.626621813	
13.8281	-436.860211074	
13.9062	-438.763080646	
13.9844	-439.936264949	
14.0625	-441.973531104	
14.1406	-441.983414631	
14.2187	-439.303380103	
14.2969	-437.165825222	
14.3750	-433.733867490	
14.4531	-430.273954881	
14.5312	-424.443643132	
14.6094	-421.435708073	
14.6875	-418.622536627	
14.7656	-413.256508386	
14.8437	-397.771589906	
14.9219	-368.073602943	
15.0000	-328.166635458	
15.0781	-285.168861481	
15.1562	-250.753501163	
15.2344	-215.786141037	
15.3125	-181.194621391	
15.3906	-145.511311191	
15.4688	-108.262406766	
15.5469	-68.399454888	
15.6250	-29.075639700	
15.7031	-17.154749998	
15.7812	-28.107974612	
15.8594	-60.937852530	
15.9375	-94.693342098	
16.0156	-133.806865878	
16.0938	-172.775043678	
16.1719	-215.536678886	
16.2500	-254.668467811	
16.3281	-290.400759606	
16.4062	-319.069479010	
16.4844	-349.955160649	
16.5625	-377.465908629	
16.6406	-401.642880087	
16.7188	-420.686207302	
16.7969	-426.935987550	
16.8750	-431.870677371	
16.9531	-438.619285023	
17.0312	-440.696715117	
17.1094	-439.290298965	
17.1875	-437.824726998	
17.2656	-435.426033839	
17.3438	-433.408437841	
17.4219	-432.967215893	
17.5000	-431.434833225	
17.5781	-430.592892411	
17.6562	-428.250593492	
17.7344	-424.716021498	
17.8125	-423.257959074	
17.8906	-423.396570691	
17.9688	-422.255701644	
18.0469	-423.621760063	
18.1250	-427.111420148	
18.2031	-428.268761740	
18.2812	-427.730061088	
18.3594	-426.943303298	
18.4375	-426.904059883	
18.5156	-425.620315738	
18.5938	-426.386289053	
18.6719	-427.107447358	
18.7500	-431.779448544	
18.8281	-432.247656394	
18.9062	-431.533135556	
18.9844	-429.762288583	
19.0625	-430.187619369	
19.1406	-427.522652375	
19.2188	-431.258092513	
19.2969	-434.134441011	
19.3750	-436.463755689	
19.4531	-435.930481288	
19.5312	-432.989938315	
19.6094	-430.255011455	
19.6875	-425.161070890	
19.7656	-422.140345384	
19.8438	-419.420679853	
19.9219	-421.499805650	
