X Unit:	MicroMeter
Y Unit:	MicroMeter

X	Y
0.0000	2.030609503	
0.1172	1.967183618	
0.2344	1.907852226	
0.3516	1.856190838	
0.4688	1.797976866	
0.5859	1.750192147	
0.7031	1.686801339	
0.8203	1.653980085	
0.9375	1.634184350	
1.0547	1.606855429	
1.1719	1.553546206	
1.2891	1.554125361	
1.4062	1.552343420	
1.5234	1.548376056	
1.6406	1.544761980	
1.7578	1.546098000	
1.8750	1.548231000	
1.9922	1.546765041	
2.1094	1.544938817	
2.2266	1.548222958	
2.3438	1.546756417	
2.4609	1.547047012	
2.5781	1.546068349	
2.6953	1.547293519	
2.8125	1.547905135	
2.9297	1.546809807	
3.0469	1.542734500	
3.1641	1.543065017	
3.2812	1.547430919	
3.3984	1.544489504	
3.5156	1.545104802	
3.6328	1.547749421	
3.7500	1.548596303	
3.8672	1.547012420	
3.9844	1.550028930	
4.1016	1.549867790	
4.2187	1.548025191	
4.3359	1.545347918	
4.4531	1.546397800	
4.5703	1.554302490	
4.6875	1.564977280	
4.8047	1.587691271	
4.9219	1.620284623	
5.0391	1.647657728	
5.1562	1.688380184	
5.2734	1.722444243	
5.3906	1.776777283	
5.5078	1.839318496	
5.6250	1.893890873	
5.7422	1.960989747	
5.8594	1.980443241	
5.9766	2.019292283	
6.0937	2.082284456	
6.2109	2.084549528	
6.3281	2.085417922	
6.4453	2.085797953	
6.5625	2.084000701	
6.6797	2.088621735	
6.7969	2.086511311	
6.9141	2.082774175	
7.0312	2.085235948	
7.1484	2.084050894	
7.2656	2.086027212	
7.3828	2.085480130	
7.5000	2.087344822	
7.6172	2.083735784	
7.7344	2.084288099	
7.8516	2.085070835	
7.9687	2.086267905	
8.0859	2.087052967	
8.2031	2.088364957	
8.3203	2.085772178	
8.4375	2.085325094	
8.5547	2.085505904	
8.6719	2.084915412	
8.7891	2.070232367	
8.9062	1.988373511	
9.0234	1.943059480	
9.1406	1.897522390	
9.2578	1.829782055	
9.3750	1.783640133	
9.4922	1.718637728	
9.6094	1.671024905	
9.7266	1.647397268	
9.8438	1.627597657	
9.9609	1.586309806	
10.0781	1.565279599	
10.1953	1.560161580	
10.3125	1.556989452	
10.4297	1.556872691	
10.5469	1.561827148	
10.6641	1.558279543	
10.7812	1.553850270	
10.8984	1.555149566	
11.0156	1.556504578	
11.1328	1.560058772	
11.2500	1.557800967	
11.3672	1.555190747	
11.4844	1.552230728	
11.6016	1.545868741	
11.7187	1.541605162	
11.8359	1.547730332	
11.9531	1.551342567	
12.0703	1.548302704	
12.1875	1.548330320	
12.3047	1.551282588	
12.4219	1.548939804	
12.5391	1.553290397	
12.6562	1.557623355	
12.7734	1.557522678	
12.8906	1.556534035	
13.0078	1.555788991	
13.1250	1.560701976	
13.2422	1.564124099	
13.3594	1.569178457	
13.4766	1.566756024	
13.5937	1.576351959	
13.7109	1.610415922	
13.8281	1.634762827	
13.9453	1.668735802	
14.0625	1.702296964	
14.1797	1.758092573	
14.2969	1.823049629	
14.4141	1.870485325	
14.5312	1.934059075	
14.6484	1.974923582	
14.7656	1.996378199	
14.8828	2.071064715	
15.0000	2.085997174	
15.1172	2.085570632	
15.2344	2.084506118	
15.3516	2.087132617	
15.4688	2.096488828	
15.5859	2.095434973	
15.7031	2.087810704	
15.8203	2.084956303	
15.9375	2.082701696	
16.0547	2.082411392	
16.1719	2.084453987	
16.2891	2.086559372	
16.4062	2.085295056	
16.5234	2.085638072	
16.6406	2.086052599	
16.7578	2.084870646	
16.8750	2.083667181	
16.9922	2.094015815	
17.1094	2.085192926	
17.2266	2.083233081	
17.3438	2.084163876	
17.4609	2.084172403	
17.5781	2.083061379	
17.6953	2.040669383	
17.8125	1.977370046	
17.9297	1.930414961	
18.0469	1.867715612	
18.1641	1.811127964	
18.2812	1.763095575	
18.3984	1.697310241	
18.5156	1.661054364	
18.6328	1.637667808	
18.7500	1.619040849	
18.8672	1.569714977	
18.9844	1.572352813	
19.1016	1.576775498	
19.2188	1.573320236	
19.3359	1.567763078	
19.4531	1.563723429	
19.5703	1.562263670	
19.6875	1.558424986	
19.8047	1.555928814	
19.9219	1.560049276	
20.0391	1.557583724	
20.1562	1.552857654	
20.2734	1.554087281	
20.3906	1.554035634	
20.5078	1.553002031	
20.6250	1.557073075	
20.7422	1.560324367	
20.8594	1.560877651	
20.9766	1.555071176	
21.0938	1.556801568	
21.2109	1.559941139	
21.3281	1.560016718	
21.4453	1.558024800	
21.5625	1.558922941	
21.6797	1.559558879	
21.7969	1.561318631	
21.9141	1.565865828	
22.0312	1.569510912	
22.1484	1.571798657	
22.2656	1.570062548	
22.3828	1.572742340	
22.5000	1.597518210	
22.6172	1.628686008	
22.7344	1.652531663	
22.8516	1.692250263	
22.9688	1.737712160	
23.0859	1.793333934	
23.2031	1.851952743	
23.3203	1.906265242	
23.4375	1.968796958	
23.5547	1.979529693	
23.6719	2.047572348	
23.7891	2.092359839	
23.9062	2.087621948	
24.0234	2.085035952	
24.1406	2.085559585	
24.2578	2.085458812	
24.3750	2.098150423	
24.4922	2.095349122	
24.6094	2.085435363	
24.7266	2.086726229	
24.8438	2.084609410	
24.9609	2.085482649	
25.0781	2.085870432	
25.1953	2.086012484	
25.3125	2.088148682	
25.4297	2.086896575	
25.5469	2.087527182	
25.6641	2.087759348	
25.7812	2.094164649	
25.8984	2.086100273	
26.0156	2.084017949	
26.1328	2.084764640	
26.2500	2.086964984	
26.3672	2.084443522	
26.4844	2.078529879	
26.6016	2.000152931	
26.7188	1.948913047	
26.8359	1.900421364	
26.9531	1.836190650	
27.0703	1.786066248	
27.1875	1.726253082	
27.3047	1.675437802	
27.4219	1.648523021	
27.5391	1.626383534	
27.6562	1.583290873	
27.7734	1.572756003	
27.8906	1.574506259	
28.0078	1.571698369	
28.1250	1.566351381	
28.2422	1.563400664	
28.3594	1.566002163	
28.4766	1.570399848	
28.5938	1.573384576	
28.7109	1.566163012	
28.8281	1.558438358	
28.9453	1.558380220	
29.0625	1.558404928	
29.1797	1.561340045	
29.2969	1.566979372	
29.4141	1.573078768	
29.5312	1.568763736	
29.6484	1.567758524	
29.7656	1.568214038	
29.8828	1.565163420	
