X Unit:	MicroMeter
Y Unit:	NanoMeter

X	Y
0.0000	57.074629051	
0.0977	22.383620082	
0.1953	-11.765078811	
0.2930	-42.885203516	
0.3906	-78.933598593	
0.4883	-118.642580630	
0.5859	-153.909450372	
0.6836	-198.748394553	
0.7813	-244.039485854	
0.8789	-279.756661667	
0.9766	-288.586357287	
1.0742	-287.120300834	
1.1719	-295.275373088	
1.2695	-292.749332626	
1.3672	-292.898021564	
1.4648	-299.663586247	
1.5625	-297.059931032	
1.6602	-299.912757706	
1.7578	-302.243792311	
1.8555	-297.104939837	
1.9531	-300.318224542	
2.0508	-299.164734619	
2.1484	-288.742991805	
2.2461	-258.752568731	
2.3438	-211.866426420	
2.4414	-167.317156778	
2.5391	-122.793080438	
2.6367	-82.268731678	
2.7344	-39.675164871	
2.8320	0.154914590	
2.9297	42.159709056	
3.0273	74.663648613	
3.1250	102.726008812	
3.2227	124.845656370	
3.3203	161.020332880	
3.4180	195.237538178	
3.5156	209.100976905	
3.6133	211.528981503	
3.7109	219.083726410	
3.8086	251.535559433	
3.9063	286.305321699	
4.0039	288.373110510	
4.1016	288.693743742	
4.1992	290.718849284	
4.2969	290.452042513	
4.3945	306.074700534	
4.4922	288.934727377	
4.5898	288.691418207	
4.6875	288.001218596	
4.7852	288.562399425	
4.8828	284.252067487	
4.9805	251.397819893	
5.0781	242.898713704	
5.1758	241.428199974	
5.2734	226.941033199	
5.3711	221.597194444	
5.4688	202.594564104	
5.5664	169.500156502	
5.6641	130.327525357	
5.7617	97.109476775	
5.8594	54.995648600	
5.9570	17.047411991	
6.0547	-22.214267791	
6.1523	-60.781096891	
6.2500	-93.141846433	
6.3477	-136.510664474	
6.4453	-171.037057008	
6.5430	-216.172155736	
6.6406	-260.376785835	
6.7383	-279.870152653	
6.8359	-288.517099928	
6.9336	-286.259125902	
7.0313	-292.630221595	
7.1289	-292.062693992	
7.2266	-288.462667858	
7.3242	-292.256367510	
7.4219	-292.266977767	
7.5195	-288.428511553	
7.6172	-292.142658505	
7.7148	-296.357813051	
7.8125	-290.986503906	
7.9102	-294.673325814	
8.0078	-275.603981668	
8.1055	-230.301311138	
8.2031	-191.294761999	
8.3008	-149.602945878	
8.3984	-111.673059199	
8.4961	-69.854416598	
8.5938	-28.928864484	
8.6914	11.539065812	
8.7891	53.074320088	
8.8867	81.146515365	
8.9844	107.332047147	
9.0820	133.587877935	
9.1797	167.925768845	
9.2773	195.313796369	
9.3750	203.698418374	
9.4727	206.810663398	
9.5703	212.602119323	
9.6680	247.459961253	
9.7656	279.817367838	
9.8633	281.909768568	
9.9609	284.227504016	
10.0586	286.545917745	
10.1563	289.939358792	
10.2539	297.134953782	
10.3516	281.828617062	
10.4492	280.457713778	
10.5469	280.335671603	
10.6445	281.810836404	
10.7422	275.754220963	
10.8398	245.593621971	
10.9375	237.292816148	
11.0352	236.545834707	
11.1328	226.742442141	
11.2305	218.688724484	
11.3281	196.948647954	
11.4258	166.357291925	
11.5234	125.931826880	
11.6211	87.930248296	
11.7188	48.797684193	
11.8164	7.000419563	
11.9141	-24.112510516	
12.0117	-60.989208110	
12.1094	-99.504608957	
12.2070	-138.452438320	
12.3047	-178.337313216	
12.4023	-223.514283698	
12.5000	-267.745657457	
12.5977	-288.551886066	
12.6953	-295.240780745	
12.7930	-296.625976384	
12.8906	-299.829668254	
12.9883	-300.204733556	
13.0859	-299.422505715	
13.1836	-298.840395064	
13.2813	-297.047915764	
13.3789	-297.800226558	
13.4766	-296.885225164	
13.5742	-294.262360055	
13.6719	-298.023405310	
13.7695	-289.815645139	
13.8672	-270.473171672	
13.9648	-233.648895528	
14.0625	-188.952366184	
14.1602	-145.037616530	
14.2578	-99.527307154	
14.3555	-55.710508579	
14.4531	-16.749961443	
14.5508	22.976849700	
14.6484	60.667194091	
14.7461	85.786588884	
14.8438	109.172805537	
14.9414	142.386978226	
15.0391	175.840438848	
15.1367	194.422389473	
15.2344	203.648031768	
15.3320	207.727166700	
15.4297	219.997128998	
15.5273	257.983494701	
15.6250	277.256953052	
15.7227	277.427250092	
15.8203	277.828841035	
15.9180	277.064999461	
16.0156	291.828904983	
16.1133	293.223402765	
16.2109	279.149696854	
16.3086	277.368191175	
16.4063	276.412396010	
16.5039	276.635066051	
16.6016	261.888941188	
16.6992	234.034401516	
16.7969	230.886837419	
16.8945	229.028685960	
16.9922	221.134412844	
17.0898	205.919837886	
17.1875	180.282599590	
17.2852	144.287958301	
17.3828	107.203561301	
17.4805	68.426513465	
17.5781	25.550612092	
17.6758	-4.797119850	
17.7734	-40.081479559	
17.8711	-76.036635190	
17.9688	-110.263009398	
18.0664	-150.837454072	
18.1641	-189.957736440	
18.2617	-232.811848028	
18.3594	-278.918306053	
18.4570	-293.784317126	
18.5547	-297.194472961	
18.6523	-298.974186039	
18.7500	-302.097380460	
18.8477	-299.832647847	
18.9453	-301.038971033	
19.0430	-302.654636948	
19.1406	-300.138843378	
19.2383	-300.321906640	
19.3359	-303.826101324	
19.4336	-296.103530258	
19.5312	-299.393581865	
19.6289	-291.736319593	
19.7266	-257.144848396	
19.8242	-215.267207439	
19.9219	-173.327394739	
20.0195	-130.989152371	
20.1172	-89.679705186	
20.2148	-44.865687841	
20.3125	-5.390397917	
20.4102	34.536966455	
20.5078	65.077015353	
20.6055	92.954228997	
20.7031	121.860201489	
20.8008	157.111446539	
20.8984	184.778053858	
20.9961	195.535109848	
21.0938	201.360286040	
21.1914	208.529185819	
21.2891	235.938482305	
21.3867	269.794405945	
21.4844	272.207052318	
21.5820	271.758611520	
21.6797	271.903763706	
21.7773	271.923821451	
21.8750	285.308926557	
21.9727	277.729521282	
22.0703	271.689911321	
22.1680	271.500670854	
22.2656	272.770413337	
22.3633	271.615542627	
22.4609	247.703367321	
22.5586	227.434870391	
22.6563	225.440626646	
22.7539	218.744537341	
22.8516	212.720430951	
22.9492	193.858883108	
23.0469	164.108547369	
23.1445	125.257130840	
23.2422	89.832802952	
23.3398	53.924400278	
23.4375	8.350998635	
23.5352	-18.165510168	
23.6328	-53.923455529	
23.7305	-91.044988426	
23.8281	-125.956935398	
23.9258	-171.161388382	
24.0234	-210.794572489	
24.1211	-255.165914428	
24.2188	-287.706723416	
24.3164	-292.050412256	
24.4141	-294.566496518	
24.5117	-293.158530009	
24.6094	-298.096756581	
24.7070	-295.126514580	
24.8047	-301.667471275	
24.9023	-301.451608271	
