x(um)
y(nm)

X	Y
0.0000	20.631652946	
0.0977	14.802738637	
0.1953	10.422863189	
0.2930	7.667349434	
0.3906	6.533485761	
0.4883	5.594591608	
0.5859	2.270085245	
0.6836	-3.659723588	
0.7812	-6.536176932	
0.8789	-9.641513480	
0.9766	-13.608315653	
1.0742	-15.174074906	
1.1719	-15.200935146	
1.2695	-12.348286369	
1.3672	-8.202905464	
1.4648	-11.335337682	
1.5625	-12.387068765	
1.6602	-11.247224710	
1.7578	-10.644155472	
1.8555	-9.056609462	
1.9531	-10.586844492	
2.0508	-13.105866711	
2.1484	-14.969695747	
2.2461	-14.589781038	
2.3438	-13.783966270	
2.4414	-11.742250408	
2.5391	-7.388818844	
2.6367	-7.450562120	
2.7344	-7.110981676	
2.8320	-4.570668542	
2.9297	-4.174535643	
3.0273	-4.862030078	
3.1250	-4.258791270	
3.2227	-1.313168947	
3.3203	2.549610735	
3.4180	9.562316575	
3.5156	17.229176224	
3.6133	21.106284786	
3.7109	18.394907003	
3.8086	14.346614185	
3.9063	15.805129301	
4.0039	70.569645998	
4.1016	105.781132866	
4.1992	90.291660211	
4.2969	20.118858702	
4.3945	5.501708335	
4.4922	2.995511763	
4.5898	3.735157773	
4.6875	6.943711163	
4.7852	14.961834952	
4.8828	12.794512912	
4.9805	6.175219275	
5.0781	-1.648556689	
5.1758	-4.770814120	
5.2734	-3.447337910	
5.3711	-0.388369805	
5.4687	-1.796501485	
5.5664	-3.383360319	
5.6641	-5.488135518	
5.7617	-6.658699052	
5.8594	-8.984072734	
5.9570	-10.396395081	
6.0547	-11.928652842	
6.1523	-11.414983494	
6.2500	-11.867162409	
6.3477	-12.576954961	
6.4453	-12.725567440	
6.5430	-10.782069125	
6.6406	-9.249585017	
6.7383	-11.369076118	
6.8359	-14.888030989	
6.9336	-15.849272086	
7.0312	-14.923839091	
7.1289	-17.075306308	
7.2266	-19.510852242	
7.3242	-20.626487107	
7.4219	-22.520413360	
7.5195	-22.988447098	
7.6172	-21.040588403	
7.7148	-16.521716778	
7.8125	-9.849920691	
7.9102	-8.348128809	
8.0078	-6.239675296	
8.1055	-3.565970889	
8.2031	0.706853838	
8.3008	3.013002297	
8.3984	6.208159443	
8.4961	10.935783854	
8.5938	11.172217857	
8.6914	7.715810206	
8.7891	16.357080661	
8.8867	86.770466104	
8.9844	114.275854451	
9.0820	77.331062265	
9.1797	8.097559152	
9.2773	8.523378210	
9.3750	15.237556277	
9.4727	21.341206283	
9.5703	18.713985336	
9.6680	13.631398411	
9.7656	10.251442746	
9.8633	8.737717353	
9.9609	4.934998302	
10.0586	-0.509633348	
10.1562	-3.661820128	
10.2539	-4.883606007	
10.3516	-5.675204122	
10.4492	-8.482569298	
10.5469	-13.043025771	
10.6445	-16.045057664	
10.7422	-19.621315187	
10.8398	-21.399957853	
10.9375	-22.411839912	
11.0352	-22.779100438	
11.1328	-21.763601383	
11.2305	-21.321163677	
11.3281	-22.331035118	
11.4258	-22.490753696	
11.5234	-19.685862429	
11.6211	-15.998139679	
11.7187	-14.762912324	
11.8164	-17.490300875	
11.9141	-19.818534542	
12.0117	-20.620100968	
12.1094	-20.657147539	
12.2070	-19.589310305	
12.3047	-17.500260103	
12.4023	-16.892527681	
12.5000	-15.064216055	
12.5977	-13.634733798	
12.6953	-13.611764592	
12.7930	-11.327200578	
12.8906	-8.449963350	
12.9883	-3.367634187	
13.0859	1.969643938	
13.1836	4.486943958	
13.2812	6.441827709	
13.3789	8.233123802	
13.4766	5.882023881	
13.5742	2.878635426	
13.6719	17.073272978	
13.7695	85.796660149	
13.8672	110.069335879	
13.9648	75.956392097	
14.0625	6.488712386	
14.1602	4.852326720	
14.2578	10.392810637	
14.3555	17.232784135	
14.4531	17.913661921	
14.5508	15.055631558	
14.6484	9.645713374	
14.7461	4.468094402	
14.8437	-0.066211322	
14.9414	-3.293408569	
15.0391	-5.382813052	
15.1367	-8.091428126	
15.2344	-11.587660575	
15.3320	-14.457174027	
15.4297	-14.540791872	
15.5273	-16.195890455	
15.6250	-17.514961243	
15.7227	-18.224414655	
15.8203	-17.540581500	
15.9180	-17.241176351	
16.0156	-19.767383355	
16.1133	-20.397986572	
16.2109	-20.089569973	
16.3086	-20.115715595	
16.4062	-20.629073055	
16.5039	-21.347356234	
16.6016	-21.819144744	
16.6992	-21.724205052	
16.7969	-20.435140639	
16.8945	-21.901761821	
16.9922	-24.459846530	
17.0898	-22.818207591	
17.1875	-19.971626252	
17.2852	-17.769266746	
17.3828	-17.462230933	
17.4805	-15.661595604	
17.5781	-14.150210887	
17.6758	-12.037058233	
17.7734	-11.600676610	
17.8711	-8.975143040	
17.9688	-6.049239133	
18.0664	-1.372570316	
18.1641	2.779823438	
18.2617	3.036448231	
18.3594	-2.781044496	
18.4570	-4.867178884	
18.5547	9.242637933	
18.6523	75.372555463	
18.7500	98.304693106	
18.8477	54.836555312	
18.9453	2.805972088	
19.0430	4.173306637	
19.1406	10.821666063	
19.2383	19.460212795	
19.3359	17.720448665	
19.4336	14.474538330	
19.5312	12.255230877	
19.6289	6.522269139	
19.7266	0.369257400	
19.8242	-4.664057498	
19.9219	-7.620487468	
20.0195	-9.729222966	
20.1172	-9.395637288	
20.2148	-11.518216991	
20.3125	-13.491563466	
20.4102	-16.459693409	
20.5078	-16.269079726	
20.6055	-15.424893619	
20.7031	-17.211191173	
20.8008	-19.677574680	
20.8984	-20.181328707	
20.9961	-18.985780805	
21.0938	-21.827883671	
21.1914	-21.580887860	
21.2891	-22.321324189	
21.3867	-22.915239659	
21.4844	-21.801000721	
21.5820	-21.126857298	
21.6797	-21.822442281	
21.7773	-20.456223376	
21.8750	-18.172167317	
21.9727	-17.447407157	
22.0703	-17.662139188	
22.1680	-16.367731796	
22.2656	-13.150118506	
22.3633	-12.142818630	
22.4609	-10.976739626	
22.5586	-5.921056847	
22.6562	-0.734272231	
22.7539	4.645701512	
22.8516	7.878345620	
22.9492	10.003683868	
23.0469	12.364627951	
23.1445	10.300525023	
23.2422	3.085409955	
23.3398	0.774267877	
23.4375	40.420829114	
23.5352	98.272456579	
23.6328	113.332086665	
23.7305	43.085311622	
23.8281	5.267406451	
23.9258	6.558858475	
24.0234	13.405203729	
24.1211	17.829830599	
24.2188	13.153036024	
24.3164	8.797761140	
24.4141	6.299982523	
24.5117	2.952777963	
24.6094	-1.802708023	
24.7070	-5.365460862	
24.8047	-5.560982999	
24.9023	-7.393149700	
