x(um)
y(nm)

X	Y
0.0000	-26.700444141	
0.0977	-27.714062782	
0.1953	-28.363223350	
0.2930	-28.636049867	
0.3906	-28.980253372	
0.4883	-29.233700425	
0.5859	-29.333056514	
0.6836	-29.369935029	
0.7812	-29.129932479	
0.8789	-28.957043436	
0.9766	-28.904440303	
1.0742	-28.804938868	
1.1719	-28.583464902	
1.2695	-28.091178068	
1.3672	-27.083554948	
1.4648	-25.599669388	
1.5625	-23.579055946	
1.6602	-21.503042975	
1.7578	-19.499677256	
1.8555	-17.439821914	
1.9531	-15.371353307	
2.0508	-12.872698451	
2.1484	-9.955858228	
2.2461	-0.776507871	
2.3438	26.304997093	
2.4414	51.125672589	
2.5391	68.289857963	
2.6367	74.623127365	
2.7344	76.549349191	
2.8320	68.470813708	
2.9297	71.693194649	
3.0273	72.635387853	
3.1250	70.509375865	
3.2227	73.794661335	
3.3203	69.751281513	
3.4180	63.911958312	
3.5156	40.297790714	
3.6133	7.254968823	
3.7109	-0.320281435	
3.8086	-2.232404110	
3.9063	-4.652462371	
4.0039	-8.057506493	
4.1016	-11.824425391	
4.1992	-14.848239499	
4.2969	-17.504205641	
4.3945	-19.396137928	
4.4922	-21.110153109	
4.5898	-22.756378016	
4.6875	-24.388660308	
4.7852	-25.969054085	
4.8828	-27.318991212	
4.9805	-28.108437903	
5.0781	-28.797511082	
5.1758	-29.309189493	
5.2734	-29.370607254	
5.3711	-29.399749123	
5.4687	-29.371188638	
5.5664	-29.070165001	
5.6641	-28.985864332	
5.7617	-28.697834020	
5.8594	-28.346048300	
5.9570	-27.977983829	
6.0547	-27.471489425	
6.1523	-27.195755989	
6.2500	-26.967559772	
6.3477	-26.813747388	
6.4453	-26.605684618	
6.5430	-25.605522592	
6.6406	-23.776051226	
6.7383	-21.647760637	
6.8359	-18.946493484	
6.9336	-15.613201448	
7.0312	-12.513818030	
7.1289	3.008927121	
7.2266	27.622846067	
7.3242	52.549233511	
7.4219	71.274010786	
7.5195	80.343200245	
7.6172	80.519371685	
7.7148	72.917522569	
7.8125	74.703128215	
7.9102	79.432831755	
8.0078	77.357775645	
8.1055	77.237235379	
8.2031	75.199569522	
8.3008	71.059086474	
8.3984	52.826281117	
8.4961	11.800623473	
8.5938	-4.709480009	
8.6914	-7.165051138	
8.7891	-9.739369932	
8.8867	-13.491742120	
8.9844	-17.229023308	
9.0820	-19.772297866	
9.1797	-21.459461892	
9.2773	-22.102095517	
9.3750	-22.418864968	
9.4727	-22.806902399	
9.5703	-23.692881531	
9.6680	-24.661842620	
9.7656	-25.944157529	
9.8633	-26.663459645	
9.9609	-27.508828202	
10.0586	-28.197404783	
10.1562	-28.686590903	
10.2539	-29.102437865	
10.3516	-29.577304378	
10.4492	-29.475864996	
10.5469	-29.396930017	
10.6445	-29.184058717	
10.7422	-29.087258294	
10.8398	-28.896440218	
10.9375	-28.671795894	
11.0352	-27.948299941	
11.1328	-26.884670171	
11.2305	-25.754287231	
11.3281	-24.370486004	
11.4258	-23.108723925	
11.5234	-21.794311777	
11.6211	-20.216288957	
11.7187	-18.366337434	
11.8164	-15.872586490	
11.9141	-12.756756265	
12.0117	-1.675214807	
12.1094	21.287864308	
12.2070	46.089861331	
12.3047	66.729217614	
12.4023	78.591514717	
12.5000	80.059472780	
12.5977	73.306383626	
12.6953	72.280192558	
12.7930	77.287918733	
12.8906	76.149217764	
12.9883	75.626686853	
13.0859	74.694498298	
13.1836	72.131939658	
13.2812	57.023697397	
13.3789	19.654304183	
13.4766	0.438331398	
13.5742	-2.773511297	
13.6719	-4.745928163	
13.7695	-7.468052086	
13.8672	-10.108466965	
13.9648	-13.363549994	
14.0625	-16.206699048	
14.1602	-19.207413743	
14.2578	-21.641123170	
14.3555	-23.888764005	
14.4531	-25.370614722	
14.5508	-27.016620096	
14.6484	-28.133652402	
14.7461	-29.222584485	
14.8437	-30.138760759	
14.9414	-30.763055052	
15.0391	-31.149905491	
15.1367	-31.355158239	
15.2344	-31.450565763	
15.3320	-31.416918168	
15.4297	-31.340596388	
15.5273	-31.174720289	
15.6250	-31.464661295	
15.7227	-31.186372191	
15.8203	-30.954775484	
15.9180	-30.091792811	
16.0156	-29.057401807	
16.1133	-28.329000428	
16.2109	-27.592350664	
16.3086	-25.877410416	
16.4062	-23.967358330	
16.5039	-21.785933187	
16.6016	-18.596388326	
16.6992	-15.581959633	
16.7969	-12.892840981	
16.8945	-8.253626669	
16.9922	6.910647224	
17.0898	34.721898018	
17.1875	57.331461454	
17.2852	69.832535972	
17.3828	72.483610313	
17.4805	66.763579826	
17.5781	64.650116041	
17.6758	68.623741904	
17.7734	68.687064303	
17.8711	69.451087559	
17.9688	70.182208120	
18.0664	66.687097560	
18.1641	55.403428859	
18.2617	20.513562365	
18.3594	-2.777900821	
18.4570	-5.809780873	
18.5547	-7.287137219	
18.6523	-9.834797139	
18.7500	-12.964507148	
18.8477	-15.935827132	
18.9453	-18.455543529	
19.0430	-20.392847986	
19.1406	-21.849808204	
19.2383	-23.175955524	
19.3359	-24.569217866	
19.4336	-26.268506168	
19.5312	-27.845179996	
19.6289	-28.996489729	
19.7266	-29.911575908	
19.8242	-30.434530745	
19.9219	-30.888288782	
20.0195	-31.280998480	
20.1172	-31.579418002	
20.2148	-31.954689211	
20.3125	-32.136165779	
20.4102	-31.904181482	
20.5078	-31.580650415	
20.6055	-31.396545507	
20.7031	-31.332847631	
20.8008	-31.271099814	
20.8984	-30.890350878	
20.9961	-29.765336656	
21.0938	-28.473852837	
21.1914	-26.842465332	
21.2891	-24.597474033	
21.3867	-22.091903130	
21.4844	-19.447912891	
21.5820	-16.823061387	
21.6797	-14.245907589	
21.7773	-9.829435235	
21.8750	7.160832319	
21.9727	36.551800880	
22.0703	58.829391069	
22.1680	72.395500369	
22.2656	73.705212996	
22.3633	69.638069107	
22.4609	67.477537448	
22.5586	69.724919386	
22.6562	70.542163496	
22.7539	71.049723771	
22.8516	69.165628054	
22.9492	63.844911423	
23.0469	50.723585047	
23.1445	15.789934590	
23.2422	-2.791785526	
23.3398	-5.285400965	
23.4375	-7.491195405	
23.5352	-10.674816661	
23.6328	-14.480421814	
23.7305	-18.303420793	
23.8281	-21.561676452	
23.9258	-24.039171357	
24.0234	-25.780077058	
24.1211	-27.378262091	
24.2188	-29.110289576	
24.3164	-30.581602708	
24.4141	-32.238752789	
24.5117	-33.555320901	
24.6094	-34.239861103	
24.7070	-34.441346968	
24.8047	-34.555697918	
24.9023	-34.493574623	
