x(um)
y(nm)

X	Y
0.0000	-339.810180805	
0.1172	-332.891615253	
0.2344	-326.202890145	
0.3516	-308.609607100	
0.4688	-250.860233561	
0.5859	-191.680425446	
0.7031	-130.649272908	
0.8203	-75.436768106	
0.9375	-28.035380351	
1.0547	20.353300254	
1.1719	69.621154468	
1.2891	121.272749374	
1.4062	170.549845171	
1.5234	192.980242434	
1.6406	190.136233416	
1.7578	158.195025045	
1.8750	113.892904130	
1.9922	58.305503596	
2.1094	7.925480110	
2.2266	-48.629803530	
2.3438	-109.861079314	
2.4609	-160.905897145	
2.5781	-219.082927007	
2.6953	-269.260840852	
2.8125	-329.227733786	
2.9297	-348.991226108	
3.0469	-348.110429469	
3.1641	-351.059717425	
3.2812	-356.460362233	
3.3984	-358.463617429	
3.5156	-360.305926176	
3.6328	-357.447188765	
3.7500	-354.553519871	
3.8672	-353.965450035	
3.9844	-352.819954142	
4.1016	-356.221558788	
4.2187	-358.843454923	
4.3359	-354.836145129	
4.4531	-349.585376251	
4.5703	-350.631988429	
4.6875	-347.563565218	
4.8047	-343.727424540	
4.9219	-342.337069119	
5.0391	-342.223796151	
5.1562	-342.343948828	
5.2734	-342.281571179	
5.3906	-342.865983140	
5.5078	-340.880411706	
5.6250	-340.032511706	
5.7422	-343.097325492	
5.8594	-342.316987149	
5.9766	-347.100299131	
6.0937	-348.311249165	
6.2109	-353.720275591	
6.3281	-354.691235187	
6.4453	-350.132167828	
6.5625	-350.353893121	
6.6797	-353.847162632	
6.7969	-353.770880217	
6.9141	-354.275739479	
7.0312	-353.619332808	
7.1484	-352.930998470	
7.2656	-355.862045506	
7.3828	-359.342403449	
7.5000	-363.157081371	
7.6172	-360.242821796	
7.7344	-352.207950668	
7.8516	-344.275814923	
7.9687	-334.131028875	
8.0859	-324.880217501	
8.2031	-304.264149884	
8.3203	-246.869105619	
8.4375	-186.059775272	
8.5547	-130.163938456	
8.6719	-76.634582497	
8.7891	-26.926802337	
8.9062	23.888459687	
9.0234	75.339410524	
9.1406	126.681133856	
9.2578	176.722519377	
9.3750	183.831379153	
9.4922	183.213670850	
9.6094	162.268176568	
9.7266	121.872131972	
9.8438	69.367598406	
9.9609	12.776662608	
10.0781	-35.688373085	
10.1953	-92.481273178	
10.3125	-150.055153559	
10.4297	-209.265726573	
10.5469	-269.709790360	
10.6641	-313.976798109	
10.7812	-327.435230262	
10.8984	-331.459085273	
11.0156	-338.649399359	
11.1328	-344.082189854	
11.2500	-350.567503263	
11.3672	-352.510609447	
11.4844	-353.199888534	
11.6016	-350.656697246	
11.7187	-349.136305621	
11.8359	-346.294719036	
11.9531	-347.709444134	
12.0703	-348.688809572	
12.1875	-347.098918344	
12.3047	-346.556123781	
12.4219	-346.481270602	
12.5391	-345.449701732	
12.6562	-346.512108174	
12.7734	-349.639687199	
12.8906	-354.002246793	
13.0078	-355.107045812	
13.1250	-352.856193739	
13.2422	-347.773880852	
13.3594	-344.123831477	
13.4766	-342.485976075	
13.5937	-340.870285936	
13.7109	-347.124256993	
13.8281	-348.651237636	
13.9453	-342.763514224	
14.0625	-342.202066927	
14.1797	-344.490103347	
14.2969	-347.078254991	
14.4141	-345.382745684	
14.5312	-348.842004235	
14.6484	-350.659676839	
14.7656	-346.204846772	
14.8828	-351.107463579	
15.0000	-356.738990477	
15.1172	-359.586875387	
15.2344	-359.707197635	
15.3516	-358.551503298	
15.4688	-359.622315582	
15.5859	-350.551200289	
15.7031	-342.470593626	
15.8203	-337.530453331	
15.9375	-328.894019416	
16.0547	-310.903844948	
16.1719	-262.770416109	
16.2891	-205.374548217	
16.4062	-143.667258292	
16.5234	-84.354470717	
16.6406	-29.401965649	
16.7578	21.360790139	
16.8750	71.244233028	
16.9922	125.000837428	
17.1094	170.676259837	
17.2266	178.371578531	
17.3438	177.152888824	
17.4609	167.335639941	
17.5781	127.282187932	
17.6953	80.108296917	
17.8125	21.726438233	
17.9297	-29.446471800	
18.0469	-77.636718805	
18.1641	-137.543614130	
18.2812	-192.334361235	
18.3984	-268.788248397	
18.5156	-318.925513816	
18.6328	-338.296184403	
18.7500	-341.612325613	
18.8672	-348.918141305	
18.9844	-358.532584096	
19.1016	-362.156035157	
19.2188	-360.278407337	
19.3359	-360.857368824	
19.4531	-357.972129997	
19.5703	-352.054683332	
19.6875	-354.299479322	
19.8047	-352.861498867	
19.9219	-349.149071843	
20.0391	-351.701323030	
20.1562	-353.649152958	
20.2734	-347.601766987	
20.3906	-347.330890529	
20.5078	-344.336496870	
20.6250	-343.695521098	
20.7422	-348.313332457	
20.8594	-347.004128541	
20.9766	-345.778522788	
21.0938	-348.481885345	
21.2109	-347.345546248	
21.3281	-341.509517556	
21.4453	-340.975104612	
21.5625	-343.365537274	
21.6797	-348.533604290	
21.7969	-348.693291073	
21.9141	-352.250052553	
22.0312	-352.090704910	
22.1484	-353.926061275	
22.2656	-354.958429547	
22.3828	-350.847972556	
22.5000	-355.338678856	
22.6172	-361.328386697	
22.7344	-361.921640539	
22.8516	-361.809263872	
22.9688	-359.548479824	
23.0859	-361.379548482	
23.2031	-362.598928583	
23.3203	-357.923632888	
23.4375	-357.208772909	
23.5547	-350.748798149	
23.6719	-340.890900841	
23.7891	-337.232469848	
23.9062	-314.906261428	
24.0234	-256.646820395	
24.1406	-199.547555200	
24.2578	-146.908849127	
24.3750	-87.200890056	
24.4922	-25.284550219	
24.6094	29.795738190	
24.7266	79.100807031	
24.8438	126.339207438	
24.9609	165.046343857	
25.0781	171.522888059	
25.1953	171.528181075	
25.3125	166.787625035	
25.4297	124.571739758	
25.5469	81.029336225	
25.6641	24.553169247	
25.7812	-33.290000898	
25.8984	-88.774441973	
26.0156	-150.705419362	
26.1328	-204.167570974	
26.2500	-280.533027220	
26.3672	-330.876683931	
26.4844	-341.621240166	
26.6016	-343.947308784	
26.7188	-352.687616627	
26.8359	-358.728340907	
26.9531	-361.991382386	
27.0703	-364.284845055	
27.1875	-363.960965762	
27.3047	-359.401147449	
27.4219	-359.526411460	
27.5391	-362.865711129	
27.6562	-362.484831988	
27.7734	-360.113778790	
27.8906	-357.640765386	
28.0078	-356.539793811	
28.1250	-354.046286625	
28.2422	-352.987150467	
28.3594	-353.777541907	
28.4766	-352.616275975	
28.5938	-351.617119259	
28.7109	-347.303129446	
28.8281	-347.801714607	
28.9453	-349.784064206	
29.0625	-351.722349748	
29.1797	-353.340413872	
29.2969	-351.922297368	
29.4141	-351.764015596	
29.5312	-352.292227112	
29.6484	-350.761201006	
29.7656	-350.514112840	
29.8828	-356.424413327	
